root;DisableExplicitGC;UseAdaptiveGCBoundary;UseAdaptiveSizeDecayMajorGCCost;UseAdaptiveSizePolicy;UseAdaptiveSizePolicyFootprintGoal;MaxTenuringThreshold;MaxTenuringThreshold_5;MaxTenuringThreshold_10;MaxTenuringThreshold_15;MinSurvivorRatio;MinSurvivorRatio_1;MinSurvivorRatio_4;MinSurvivorRatio_7;MinSurvivorRatio_10;NewRatio;NewRatio_1;NewRatio_2;NewRatio_4;NewRatio_8;NewRatio_16;NewRatio_32;SurvivorRatio;SurvivorRatio_1;SurvivorRatio_6;SurvivorRatio_11;SurvivorRatio_16;SurvivorRatio_21;SurvivorRatio_26;SurvivorRatio_31;TenuredGenerationSizeSupplement;TenuredGenerationSizeSupplement_50;TenuredGenerationSizeSupplement_70;TenuredGenerationSizeSupplement_90;TenuredGenerationSizeSupplementDecay;TenuredGenerationSizeSupplementDecay_2;TenuredGenerationSizeSupplementDecay_4;TenuredGenerationSizeSupplementDecay_8;TenuredGenerationSizeSupplementDecay_16
1;0;0;0;0;0;1;0;0;1;1;0;1;0;0;1;1;0;0;0;0;0;1;0;1;0;0;0;0;0;1;1;0;0;1;1;0;0;0
1;0;0;0;0;0;1;0;0;1;1;0;0;1;0;1;0;1;0;0;0;0;1;0;0;0;0;1;0;0;1;1;0;0;1;1;0;0;0
1;0;0;0;0;0;1;1;0;0;1;0;0;1;0;1;0;0;0;1;0;0;1;0;0;1;0;0;0;0;1;1;0;0;1;0;0;1;0
1;0;0;0;0;0;1;0;0;1;1;1;0;0;0;1;0;1;0;0;0;0;1;1;0;0;0;0;0;0;1;0;1;0;1;0;0;1;0
1;0;0;0;0;0;1;1;0;0;1;0;0;1;0;1;0;1;0;0;0;0;1;0;0;0;0;0;1;0;1;0;0;1;1;0;0;1;0
1;0;0;0;0;0;1;1;0;0;1;0;0;0;1;1;0;0;1;0;0;0;1;0;0;0;0;0;0;1;1;0;0;1;1;0;0;1;0
1;0;0;0;0;0;1;0;1;0;1;0;0;0;1;1;0;0;0;0;1;0;1;1;0;0;0;0;0;0;1;1;0;0;1;0;0;0;1
1;0;0;0;0;0;1;0;0;1;1;0;0;0;1;1;0;0;0;1;0;0;1;0;0;0;0;0;1;0;1;1;0;0;1;0;0;0;1
1;0;0;0;0;0;1;0;1;0;1;0;0;0;1;1;1;0;0;0;0;0;1;0;0;0;0;0;0;1;1;1;0;0;1;0;0;0;1
1;0;0;0;0;0;1;0;0;1;1;0;0;1;0;1;0;0;0;0;0;1;1;1;0;0;0;0;0;0;1;0;1;0;1;0;0;0;1
1;0;0;0;0;0;1;1;0;0;1;0;0;0;1;1;1;0;0;0;0;0;1;0;0;1;0;0;0;0;1;0;1;0;1;0;0;0;1
1;0;0;0;0;0;1;0;1;0;1;0;0;1;0;1;1;0;0;0;0;0;1;0;0;0;0;0;0;1;1;0;1;0;1;0;0;0;1
1;0;0;0;0;0;1;0;0;1;1;0;1;0;0;1;0;0;0;1;0;0;1;0;0;1;0;0;0;0;1;0;0;1;1;0;0;0;1
1;0;0;0;1;0;1;1;0;0;1;1;0;0;0;1;0;0;1;0;0;0;1;0;0;0;0;1;0;0;1;1;0;0;1;1;0;0;0
1;0;0;0;1;0;1;1;0;0;1;0;0;0;1;1;0;0;0;0;1;0;1;0;0;0;0;0;1;0;1;0;1;0;1;1;0;0;0
1;0;0;0;1;0;1;0;0;1;1;1;0;0;0;1;0;0;0;0;1;0;1;0;0;0;1;0;0;0;1;0;0;1;1;1;0;0;0
1;0;0;0;1;0;1;1;0;0;1;1;0;0;0;1;0;0;0;0;1;0;1;0;0;1;0;0;0;0;1;0;1;0;1;0;1;0;0
1;0;0;0;1;0;1;0;1;0;1;0;0;0;1;1;0;0;0;1;0;0;1;0;0;0;1;0;0;0;1;0;1;0;1;0;1;0;0
1;0;0;0;1;0;1;1;0;0;1;0;0;1;0;1;0;0;1;0;0;0;1;1;0;0;0;0;0;0;1;0;0;1;1;0;1;0;0
1;0;0;0;1;0;1;0;1;0;1;0;0;0;1;1;0;0;0;1;0;0;1;1;0;0;0;0;0;0;1;0;1;0;1;0;0;1;0
1;0;0;0;1;0;1;0;0;1;1;0;1;0;0;1;0;1;0;0;0;0;1;0;0;0;0;0;1;0;1;0;1;0;1;0;0;1;0
1;0;0;0;1;0;1;0;1;0;1;1;0;0;0;1;0;0;0;1;0;0;1;1;0;0;0;0;0;0;1;1;0;0;1;0;0;0;1
1;0;0;0;1;0;1;1;0;0;1;0;0;0;1;1;0;1;0;0;0;0;1;0;1;0;0;0;0;0;1;1;0;0;1;0;0;0;1
1;0;0;0;1;0;1;1;0;0;1;1;0;0;0;1;0;0;1;0;0;0;1;0;0;0;0;0;0;1;1;1;0;0;1;0;0;0;1
1;0;0;0;1;0;1;0;1;0;1;0;0;1;0;1;0;0;0;0;0;1;1;0;0;0;0;0;1;0;1;0;0;1;1;0;0;0;1
1;0;0;1;0;0;1;1;0;0;1;0;0;1;0;1;0;1;0;0;0;0;1;0;0;1;0;0;0;0;1;1;0;0;1;1;0;0;0
1;0;0;1;0;0;1;1;0;0;1;0;1;0;0;1;0;0;0;0;1;0;1;0;0;0;1;0;0;0;1;1;0;0;1;1;0;0;0
1;0;0;1;0;0;1;0;0;1;1;0;0;1;0;1;0;0;0;1;0;0;1;0;0;0;0;1;0;0;1;0;1;0;1;1;0;0;0
1;0;0;1;0;0;1;1;0;0;1;1;0;0;0;1;0;0;0;1;0;0;1;0;0;0;0;1;0;0;1;0;0;1;1;1;0;0;0
1;0;0;1;0;0;1;1;0;0;1;1;0;0;0;1;0;0;0;0;0;1;1;1;0;0;0;0;0;0;1;0;0;1;1;0;1;0;0
1;0;0;1;0;0;1;0;1;0;1;0;1;0;0;1;0;1;0;0;0;0;1;0;0;1;0;0;0;0;1;0;0;1;1;0;1;0;0
1;0;0;1;0;0;1;0;1;0;1;0;0;1;0;1;0;0;0;1;0;0;1;0;0;0;0;1;0;0;1;0;0;1;1;0;1;0;0
1;0;0;1;0;0;1;1;0;0;1;0;1;0;0;1;0;0;0;0;0;1;1;0;0;0;0;0;1;0;1;0;1;0;1;0;0;1;0
1;0;0;1;0;0;1;0;0;1;1;0;0;1;0;1;1;0;0;0;0;0;1;0;0;0;0;0;0;1;1;0;1;0;1;0;0;1;0
1;0;0;1;0;0;1;0;1;0;1;0;1;0;0;1;0;0;1;0;0;0;1;0;1;0;0;0;0;0;1;0;1;0;1;0;0;0;1
1;0;0;1;0;0;1;0;1;0;1;0;1;0;0;1;0;0;0;0;1;0;1;0;1;0;0;0;0;0;1;0;0;1;1;0;0;0;1
1;0;0;1;1;0;1;1;0;0;1;0;0;0;1;1;0;1;0;0;0;0;1;0;0;0;1;0;0;0;1;1;0;0;1;1;0;0;0
1;0;0;1;1;0;1;0;1;0;1;1;0;0;0;1;0;1;0;0;0;0;1;0;0;0;0;0;1;0;1;1;0;0;1;1;0;0;0
1;0;0;1;1;0;1;1;0;0;1;0;0;0;1;1;0;1;0;0;0;0;1;0;0;0;0;1;0;0;1;0;1;0;1;1;0;0;0
1;0;0;1;1;0;1;0;1;0;1;0;0;1;0;1;0;0;0;1;0;0;1;0;1;0;0;0;0;0;1;0;0;1;1;1;0;0;0
1;0;0;1;1;0;1;0;0;1;1;0;1;0;0;1;1;0;0;0;0;0;1;0;0;1;0;0;0;0;1;0;0;1;1;1;0;0;0
1;0;0;1;1;0;1;1;0;0;1;0;1;0;0;1;0;0;0;0;0;1;1;0;0;0;1;0;0;0;1;1;0;0;1;0;1;0;0
1;0;0;1;1;0;1;1;0;0;1;1;0;0;0;1;0;0;0;0;0;1;1;0;0;0;0;0;0;1;1;1;0;0;1;0;1;0;0
1;0;0;1;1;0;1;0;1;0;1;1;0;0;0;1;0;1;0;0;0;0;1;0;0;1;0;0;0;0;1;1;0;0;1;0;0;1;0
1;0;0;1;1;0;1;1;0;0;1;0;0;1;0;1;0;0;0;0;1;0;1;0;0;1;0;0;0;0;1;0;0;1;1;0;0;1;0
1;0;0;1;1;0;1;0;0;1;1;0;0;1;0;1;0;0;0;0;1;0;1;0;0;0;1;0;0;0;1;0;0;1;1;0;0;1;0
1;0;0;1;1;0;1;1;0;0;1;0;0;0;1;1;0;0;0;1;0;0;1;1;0;0;0;0;0;0;1;1;0;0;1;0;0;0;1
1;0;0;1;1;0;1;1;0;0;1;0;0;0;1;1;0;0;0;0;1;0;1;0;0;0;1;0;0;0;1;1;0;0;1;0;0;0;1
1;0;0;1;1;0;1;1;0;0;1;1;0;0;0;1;0;0;0;1;0;0;1;0;0;0;0;1;0;0;1;0;1;0;1;0;0;0;1
1;0;0;1;1;0;1;0;1;0;1;0;1;0;0;1;0;0;0;1;0;0;1;0;0;0;0;0;0;1;1;0;1;0;1;0;0;0;1
1;0;0;1;1;0;1;0;1;0;1;1;0;0;0;1;0;1;0;0;0;0;1;0;0;0;0;0;1;0;1;0;0;1;1;0;0;0;1
1;0;0;1;1;0;1;1;0;0;1;0;0;1;0;1;0;0;0;0;1;0;1;0;0;0;0;0;1;0;1;0;0;1;1;0;0;0;1
1;0;1;0;0;0;1;0;1;0;1;0;0;0;1;1;0;1;0;0;0;0;1;0;0;0;0;1;0;0;1;1;0;0;1;1;0;0;0
1;0;1;0;0;0;1;1;0;0;1;0;1;0;0;1;0;0;1;0;0;0;1;0;0;0;1;0;0;0;1;0;1;0;1;1;0;0;0
1;0;1;0;0;0;1;0;0;1;1;0;0;0;1;1;1;0;0;0;0;0;1;0;0;0;1;0;0;0;1;0;0;1;1;1;0;0;0
1;0;1;0;0;0;1;0;0;1;1;0;0;1;0;1;0;0;1;0;0;0;1;0;0;0;0;0;1;0;1;0;0;1;1;1;0;0;0
1;0;1;0;0;0;1;1;0;0;1;0;0;1;0;1;0;1;0;0;0;0;1;0;0;0;0;1;0;0;1;1;0;0;1;0;1;0;0
1;0;1;0;0;0;1;1;0;0;1;0;0;1;0;1;0;0;0;0;1;0;1;1;0;0;0;0;0;0;1;0;1;0;1;0;1;0;0
1;0;1;0;0;0;1;0;1;0;1;1;0;0;0;1;0;0;0;0;1;0;1;1;0;0;0;0;0;0;1;0;0;1;1;0;1;0;0
1;0;1;0;0;0;1;0;0;1;1;0;1;0;0;1;1;0;0;0;0;0;1;0;0;0;1;0;0;0;1;0;0;1;1;0;1;0;0
1;0;1;0;0;0;1;0;1;0;1;0;0;0;1;1;0;1;0;0;0;0;1;0;0;0;0;0;1;0;1;0;0;1;1;0;1;0;0
1;0;1;0;0;0;1;0;1;0;1;0;0;1;0;1;0;0;0;0;0;1;1;0;0;0;0;0;1;0;1;0;0;1;1;0;1;0;0
1;0;1;0;0;0;1;1;0;0;1;1;0;0;0;1;1;0;0;0;0;0;1;0;0;0;1;0;0;0;1;1;0;0;1;0;0;1;0
1;0;1;0;0;0;1;1;0;0;1;1;0;0;0;1;0;0;0;0;1;0;1;0;0;0;1;0;0;0;1;1;0;0;1;0;0;1;0
1;0;1;0;0;0;1;1;0;0;1;1;0;0;0;1;0;1;0;0;0;0;1;0;0;0;0;0;0;1;1;1;0;0;1;0;0;1;0
1;0;1;0;0;0;1;0;0;1;1;1;0;0;0;1;1;0;0;0;0;0;1;1;0;0;0;0;0;0;1;0;0;1;1;0;0;1;0
1;0;1;0;0;0;1;1;0;0;1;0;0;0;1;1;0;1;0;0;0;0;1;0;0;0;0;1;0;0;1;0;0;1;1;0;0;1;0
1;0;1;0;0;0;1;0;0;1;1;1;0;0;0;1;0;0;0;0;0;1;1;0;0;0;0;0;1;0;1;1;0;0;1;0;0;0;1
1;0;1;0;0;0;1;1;0;0;1;1;0;0;0;1;1;0;0;0;0;0;1;0;0;0;0;0;1;0;1;0;1;0;1;0;0;0;1
1;0;1;1;0;0;1;1;0;0;1;0;0;0;1;1;0;1;0;0;0;0;1;0;0;1;0;0;0;0;1;1;0;0;1;1;0;0;0
1;0;1;1;0;0;1;0;0;1;1;0;0;0;1;1;0;1;0;0;0;0;1;0;0;0;0;0;1;0;1;1;0;0;1;1;0;0;0
1;0;1;1;0;0;1;0;1;0;1;0;0;1;0;1;1;0;0;0;0;0;1;1;0;0;0;0;0;0;1;0;1;0;1;1;0;0;0
1;0;1;1;0;0;1;1;0;0;1;0;0;0;1;1;0;0;0;0;0;1;1;1;0;0;0;0;0;0;1;0;0;1;1;0;1;0;0
1;0;1;1;0;0;1;1;0;0;1;0;0;1;0;1;0;0;0;1;0;0;1;0;1;0;0;0;0;0;1;0;0;1;1;0;1;0;0
1;0;1;1;0;0;1;1;0;0;1;1;0;0;0;1;0;0;0;0;0;1;1;0;0;1;0;0;0;0;1;0;0;1;1;0;1;0;0
1;0;1;1;0;0;1;1;0;0;1;0;0;0;1;1;0;0;0;0;1;0;1;0;0;0;1;0;0;0;1;1;0;0;1;0;0;1;0
1;0;1;1;0;0;1;0;1;0;1;0;1;0;0;1;0;1;0;0;0;0;1;1;0;0;0;0;0;0;1;0;1;0;1;0;0;1;0
1;0;1;1;0;0;1;1;0;0;1;1;0;0;0;1;0;1;0;0;0;0;1;1;0;0;0;0;0;0;1;1;0;0;1;0;0;0;1
1;0;1;1;0;0;1;0;1;0;1;0;1;0;0;1;0;0;0;0;0;1;1;1;0;0;0;0;0;0;1;0;1;0;1;0;0;0;1
1;0;1;1;0;0;1;1;0;0;1;0;1;0;0;1;0;0;0;0;0;1;1;0;0;1;0;0;0;0;1;0;0;1;1;0;0;0;1
1;0;1;0;1;0;1;1;0;0;1;1;0;0;0;1;1;0;0;0;0;0;1;0;0;0;1;0;0;0;1;1;0;0;1;1;0;0;0
1;0;1;0;1;0;1;0;1;0;1;1;0;0;0;1;0;0;0;0;0;1;1;0;0;0;1;0;0;0;1;1;0;0;1;1;0;0;0
1;0;1;0;1;0;1;0;0;1;1;1;0;0;0;1;0;0;0;0;1;0;1;0;0;0;0;0;0;1;1;1;0;0;1;1;0;0;0
1;0;1;0;1;0;1;0;0;1;1;1;0;0;0;1;0;0;0;0;0;1;1;0;0;0;0;0;0;1;1;1;0;0;1;1;0;0;0
1;0;1;0;1;0;1;0;0;1;1;0;0;1;0;1;0;0;0;0;0;1;1;0;1;0;0;0;0;0;1;0;1;0;1;1;0;0;0
1;0;1;0;1;0;1;0;0;1;1;0;0;0;1;1;1;0;0;0;0;0;1;0;0;0;0;0;1;0;1;0;1;0;1;1;0;0;0
1;0;1;0;1;0;1;0;0;1;1;0;0;0;1;1;0;1;0;0;0;0;1;0;0;0;0;0;1;0;1;0;1;0;1;1;0;0;0
1;0;1;0;1;0;1;0;1;0;1;0;0;1;0;1;0;0;0;1;0;0;1;1;0;0;0;0;0;0;1;0;1;0;1;0;1;0;0
1;0;1;0;1;0;1;0;1;0;1;0;0;1;0;1;0;0;0;1;0;0;1;0;1;0;0;0;0;0;1;0;1;0;1;0;1;0;0
1;0;1;0;1;0;1;0;0;1;1;0;0;0;1;1;0;0;1;0;0;0;1;0;0;0;0;1;0;0;1;0;1;0;1;0;1;0;0
1;0;1;0;1;0;1;0;0;1;1;0;0;1;0;1;0;0;0;1;0;0;1;0;0;0;1;0;0;0;1;1;0;0;1;0;0;1;0
1;0;1;0;1;0;1;1;0;0;1;0;1;0;0;1;0;0;1;0;0;0;1;0;1;0;0;0;0;0;1;0;1;0;1;0;0;1;0
1;0;1;0;1;0;1;0;0;1;1;0;0;1;0;1;0;0;0;0;0;1;1;0;0;0;1;0;0;0;1;1;0;0;1;0;0;0;1
1;0;1;0;1;0;1;1;0;0;1;0;0;0;1;1;1;0;0;0;0;0;1;0;0;0;0;0;1;0;1;1;0;0;1;0;0;0;1
1;0;1;0;1;0;1;0;1;0;1;0;1;0;0;1;1;0;0;0;0;0;1;1;0;0;0;0;0;0;1;0;1;0;1;0;0;0;1
1;0;1;0;1;0;1;0;0;1;1;0;0;1;0;1;0;1;0;0;0;0;1;0;0;0;0;1;0;0;1;0;0;1;1;0;0;0;1
1;0;1;1;1;0;1;1;0;0;1;0;1;0;0;1;0;0;1;0;0;0;1;0;0;1;0;0;0;0;1;0;1;0;1;1;0;0;0
1;0;1;1;1;0;1;0;1;0;1;0;0;0;1;1;1;0;0;0;0;0;1;0;1;0;0;0;0;0;1;0;0;1;1;1;0;0;0
1;0;1;1;1;0;1;0;0;1;1;0;1;0;0;1;0;0;0;1;0;0;1;1;0;0;0;0;0;0;1;1;0;0;1;0;1;0;0
1;0;1;1;1;0;1;0;1;0;1;0;0;0;1;1;0;0;1;0;0;0;1;0;0;0;1;0;0;0;1;1;0;0;1;0;1;0;0
1;0;1;1;1;0;1;1;0;0;1;1;0;0;0;1;0;0;0;0;0;1;1;0;0;0;1;0;0;0;1;0;0;1;1;0;1;0;0
1;0;1;1;1;0;1;0;0;1;1;1;0;0;0;1;0;0;0;0;0;1;1;0;0;0;0;1;0;0;1;1;0;0;1;0;0;1;0
1;0;1;1;1;0;1;1;0;0;1;0;0;1;0;1;0;1;0;0;0;0;1;0;0;0;0;1;0;0;1;0;0;1;1;0;0;1;0
1;0;1;1;1;0;1;0;1;0;1;0;0;0;1;1;0;0;0;0;1;0;1;0;0;0;0;0;0;1;1;0;0;1;1;0;0;1;0
1;0;1;1;1;0;1;0;0;1;1;0;0;0;1;1;0;0;0;0;1;0;1;0;0;0;0;1;0;0;1;1;0;0;1;0;0;0;1
1;0;1;1;1;0;1;0;1;0;1;0;0;1;0;1;0;0;0;1;0;0;1;0;0;0;0;0;1;0;1;1;0;0;1;0;0;0;1
1;0;1;1;1;0;1;0;0;1;1;0;0;1;0;1;0;0;0;0;1;0;1;0;0;0;0;0;1;0;1;1;0;0;1;0;0;0;1
1;0;1;1;1;0;1;0;1;0;1;0;0;1;0;1;1;0;0;0;0;0;1;0;1;0;0;0;0;0;1;0;0;1;1;0;0;0;1
1;1;0;0;0;0;1;0;0;1;1;1;0;0;0;1;1;0;0;0;0;0;1;1;0;0;0;0;0;0;1;1;0;0;1;1;0;0;0
1;1;0;0;0;0;1;0;0;1;1;0;1;0;0;1;0;0;0;0;0;1;1;1;0;0;0;0;0;0;1;1;0;0;1;1;0;0;0
1;1;0;0;0;0;1;0;1;0;1;0;1;0;0;1;0;0;0;0;0;1;1;0;0;1;0;0;0;0;1;1;0;0;1;1;0;0;0
1;1;0;0;0;0;1;0;1;0;1;0;1;0;0;1;0;0;0;0;0;1;1;0;0;0;0;1;0;0;1;1;0;0;1;1;0;0;0
1;1;0;0;0;0;1;0;0;1;1;0;0;1;0;1;0;0;0;0;0;1;1;0;1;0;0;0;0;0;1;0;1;0;1;1;0;0;0
1;1;0;0;0;0;1;0;0;1;1;0;1;0;0;1;0;0;0;1;0;0;1;0;0;1;0;0;0;0;1;0;1;0;1;1;0;0;0
1;1;0;0;0;0;1;1;0;0;1;0;1;0;0;1;0;1;0;0;0;0;1;1;0;0;0;0;0;0;1;0;0;1;1;1;0;0;0
1;1;0;0;0;0;1;0;1;0;1;1;0;0;0;1;1;0;0;0;0;0;1;0;1;0;0;0;0;0;1;0;0;1;1;1;0;0;0
1;1;0;0;0;0;1;0;1;0;1;0;1;0;0;1;1;0;0;0;0;0;1;0;0;0;0;1;0;0;1;0;0;1;1;1;0;0;0
1;1;0;0;0;0;1;1;0;0;1;0;1;0;0;1;0;0;1;0;0;0;1;0;1;0;0;0;0;0;1;1;0;0;1;0;1;0;0
1;1;0;0;0;0;1;0;1;0;1;0;0;0;1;1;0;0;0;0;0;1;1;0;0;1;0;0;0;0;1;0;1;0;1;0;1;0;0
1;1;0;0;0;0;1;1;0;0;1;1;0;0;0;1;0;0;1;0;0;0;1;0;0;0;0;0;0;1;1;0;1;0;1;0;1;0;0
1;1;0;0;0;0;1;1;0;0;1;0;0;0;1;1;0;0;0;1;0;0;1;0;0;0;0;1;0;0;1;0;0;1;1;0;1;0;0
1;1;0;0;0;0;1;0;0;1;1;1;0;0;0;1;0;0;1;0;0;0;1;0;1;0;0;0;0;0;1;1;0;0;1;0;0;1;0
1;1;0;0;0;0;1;0;0;1;1;0;1;0;0;1;0;0;0;1;0;0;1;0;1;0;0;0;0;0;1;1;0;0;1;0;0;1;0
1;1;0;0;0;0;1;1;0;0;1;1;0;0;0;1;0;0;0;1;0;0;1;0;0;0;0;1;0;0;1;1;0;0;1;0;0;1;0
1;1;0;0;0;0;1;0;0;1;1;1;0;0;0;1;0;0;0;1;0;0;1;0;1;0;0;0;0;0;1;0;1;0;1;0;0;1;0
1;1;0;0;0;0;1;0;0;1;1;0;0;1;0;1;1;0;0;0;0;0;1;0;0;1;0;0;0;0;1;0;1;0;1;0;0;1;0
1;1;0;0;0;0;1;1;0;0;1;0;1;0;0;1;0;0;0;1;0;0;1;0;0;0;0;1;0;0;1;0;0;1;1;0;0;1;0
1;1;0;0;0;0;1;0;0;1;1;0;0;1;0;1;0;0;0;1;0;0;1;0;0;0;0;1;0;0;1;0;0;1;1;0;0;1;0
1;1;0;0;0;0;1;1;0;0;1;0;0;1;0;1;0;0;0;0;1;0;1;0;0;0;0;1;0;0;1;0;0;1;1;0;0;1;0
1;1;0;0;0;0;1;1;0;0;1;1;0;0;0;1;0;0;0;0;1;0;1;0;0;0;0;0;1;0;1;0;0;1;1;0;0;1;0
1;1;0;0;0;0;1;1;0;0;1;0;0;1;0;1;0;0;1;0;0;0;1;0;1;0;0;0;0;0;1;0;1;0;1;0;0;0;1
1;1;0;0;0;0;1;0;1;0;1;1;0;0;0;1;0;0;0;0;1;0;1;0;1;0;0;0;0;0;1;0;1;0;1;0;0;0;1
1;1;0;0;0;0;1;0;0;1;1;0;0;1;0;1;0;0;0;0;0;1;1;0;0;0;1;0;0;0;1;0;1;0;1;0;0;0;1
1;1;0;0;0;0;1;0;0;1;1;0;0;1;0;1;0;0;1;0;0;0;1;1;0;0;0;0;0;0;1;0;0;1;1;0;0;0;1
1;1;0;0;0;0;1;1;0;0;1;1;0;0;0;1;0;1;0;0;0;0;1;0;0;1;0;0;0;0;1;0;0;1;1;0;0;0;1
1;1;0;0;0;0;1;0;1;0;1;0;0;0;1;1;0;0;0;0;0;1;1;0;0;0;0;0;0;1;1;0;0;1;1;0;0;0;1
1;1;0;0;1;0;1;0;0;1;1;1;0;0;0;1;0;1;0;0;0;0;1;0;0;0;0;1;0;0;1;0;0;1;1;1;0;0;0
1;1;0;0;1;0;1;0;0;1;1;1;0;0;0;1;1;0;0;0;0;0;1;0;0;0;0;0;1;0;1;0;0;1;1;1;0;0;0
1;1;0;0;1;0;1;1;0;0;1;0;0;0;1;1;0;0;0;1;0;0;1;0;0;0;0;0;1;0;1;0;0;1;1;1;0;0;0
1;1;0;0;1;0;1;0;1;0;1;0;0;0;1;1;0;1;0;0;0;0;1;0;1;0;0;0;0;0;1;1;0;0;1;0;1;0;0
1;1;0;0;1;0;1;0;1;0;1;0;0;0;1;1;1;0;0;0;0;0;1;0;1;0;0;0;0;0;1;0;1;0;1;0;1;0;0
1;1;0;0;1;0;1;0;0;1;1;0;0;0;1;1;0;1;0;0;0;0;1;0;0;0;0;1;0;0;1;0;1;0;1;0;1;0;0
1;1;0;0;1;0;1;0;0;1;1;1;0;0;0;1;0;1;0;0;0;0;1;0;0;1;0;0;0;0;1;1;0;0;1;0;0;1;0
1;1;0;0;1;0;1;0;0;1;1;0;1;0;0;1;0;0;0;1;0;0;1;0;0;0;0;0;1;0;1;1;0;0;1;0;0;1;0
1;1;0;0;1;0;1;1;0;0;1;1;0;0;0;1;0;0;1;0;0;0;1;0;0;1;0;0;0;0;1;0;1;0;1;0;0;1;0
1;1;0;0;1;0;1;0;1;0;1;1;0;0;0;1;0;0;0;1;0;0;1;0;0;0;0;0;1;0;1;0;1;0;1;0;0;1;0
1;1;0;0;1;0;1;0;1;0;1;1;0;0;0;1;0;1;0;0;0;0;1;0;0;0;0;0;1;0;1;0;0;1;1;0;0;1;0
1;1;0;0;1;0;1;1;0;0;1;0;0;0;1;1;0;0;0;1;0;0;1;0;0;1;0;0;0;0;1;0;1;0;1;0;0;0;1
1;1;0;0;1;0;1;1;0;0;1;0;0;0;1;1;0;0;1;0;0;0;1;0;0;0;1;0;0;0;1;0;1;0;1;0;0;0;1
1;1;0;0;1;0;1;0;1;0;1;1;0;0;0;1;0;0;0;1;0;0;1;0;0;0;1;0;0;0;1;0;1;0;1;0;0;0;1
1;1;1;0;0;0;1;1;0;0;1;0;0;1;0;1;0;0;0;0;0;1;1;0;0;0;0;1;0;0;1;1;0;0;1;1;0;0;0
1;1;1;0;0;0;1;1;0;0;1;0;0;0;1;1;0;1;0;0;0;0;1;0;0;1;0;0;0;0;1;0;1;0;1;1;0;0;0
1;1;1;0;0;0;1;1;0;0;1;1;0;0;0;1;0;0;0;0;0;1;1;0;1;0;0;0;0;0;1;1;0;0;1;0;1;0;0
1;1;1;0;0;0;1;0;1;0;1;0;0;1;0;1;1;0;0;0;0;0;1;0;0;1;0;0;0;0;1;1;0;0;1;0;1;0;0
1;1;1;0;0;0;1;0;1;0;1;0;0;0;1;1;1;0;0;0;0;0;1;0;0;0;0;1;0;0;1;1;0;0;1;0;1;0;0
1;1;1;0;0;0;1;1;0;0;1;0;1;0;0;1;0;0;0;0;0;1;1;0;0;0;0;1;0;0;1;1;0;0;1;0;1;0;0
1;1;1;0;0;0;1;1;0;0;1;0;0;1;0;1;0;1;0;0;0;0;1;0;0;0;0;0;0;1;1;0;1;0;1;0;1;0;0
1;1;1;0;0;0;1;0;1;0;1;0;1;0;0;1;1;0;0;0;0;0;1;0;0;0;0;0;0;1;1;0;0;1;1;0;1;0;0
1;1;1;0;0;0;1;0;0;1;1;1;0;0;0;1;0;0;0;0;0;1;1;0;0;1;0;0;0;0;1;0;1;0;1;0;0;1;0
1;1;1;0;0;0;1;0;1;0;1;0;1;0;0;1;0;0;0;0;0;1;1;0;0;1;0;0;0;0;1;0;1;0;1;0;0;1;0
1;1;1;0;0;0;1;0;0;1;1;1;0;0;0;1;0;0;0;0;0;1;1;0;0;0;0;0;0;1;1;0;1;0;1;0;0;1;0
1;1;1;0;0;0;1;0;0;1;1;1;0;0;0;1;0;1;0;0;0;0;1;1;0;0;0;0;0;0;1;0;0;1;1;0;0;1;0
1;1;1;0;0;0;1;1;0;0;1;0;0;0;1;1;0;1;0;0;0;0;1;0;0;0;0;0;1;0;1;0;0;1;1;0;0;1;0
1;1;1;0;0;0;1;1;0;0;1;0;0;0;1;1;1;0;0;0;0;0;1;0;0;0;0;0;0;1;1;0;0;1;1;0;0;1;0
1;1;1;0;0;0;1;0;1;0;1;0;1;0;0;1;0;0;0;0;1;0;1;1;0;0;0;0;0;0;1;1;0;0;1;0;0;0;1
1;1;1;0;0;0;1;1;0;0;1;0;0;1;0;1;0;0;0;0;0;1;1;0;0;0;0;0;0;1;1;1;0;0;1;0;0;0;1
1;1;1;0;1;0;1;1;0;0;1;0;1;0;0;1;1;0;0;0;0;0;1;1;0;0;0;0;0;0;1;1;0;0;1;1;0;0;0
1;1;1;0;1;0;1;0;1;0;1;1;0;0;0;1;0;1;0;0;0;0;1;1;0;0;0;0;0;0;1;0;1;0;1;1;0;0;0
1;1;1;0;1;0;1;1;0;0;1;1;0;0;0;1;0;1;0;0;0;0;1;0;0;0;0;1;0;0;1;0;1;0;1;0;1;0;0
1;1;1;0;1;0;1;0;1;0;1;0;1;0;0;1;0;0;1;0;0;0;1;1;0;0;0;0;0;0;1;0;0;1;1;0;1;0;0
1;1;1;0;1;0;1;0;1;0;1;0;0;1;0;1;0;0;0;0;1;0;1;0;0;0;0;1;0;0;1;0;0;1;1;0;1;0;0
1;1;1;0;1;0;1;0;1;0;1;0;0;0;1;1;1;0;0;0;0;0;1;0;0;1;0;0;0;0;1;1;0;0;1;0;0;1;0
1;1;1;0;1;0;1;1;0;0;1;0;0;0;1;1;0;0;0;0;0;1;1;0;0;0;1;0;0;0;1;1;0;0;1;0;0;1;0
1;1;1;0;1;0;1;0;1;0;1;0;1;0;0;1;0;1;0;0;0;0;1;0;0;0;1;0;0;0;1;0;1;0;1;0;0;1;0
1;1;1;0;1;0;1;1;0;0;1;1;0;0;0;1;0;0;0;1;0;0;1;0;0;0;0;0;1;0;1;0;1;0;1;0;0;1;0
1;1;1;0;1;0;1;0;1;0;1;0;0;0;1;1;1;0;0;0;0;0;1;0;0;1;0;0;0;0;1;1;0;0;1;0;0;0;1
1;1;1;0;1;0;1;0;0;1;1;1;0;0;0;1;0;0;0;0;1;0;1;0;0;0;0;0;1;0;1;1;0;0;1;0;0;0;1
1;1;1;0;1;0;1;0;1;0;1;1;0;0;0;1;0;0;1;0;0;0;1;0;0;1;0;0;0;0;1;0;0;1;1;0;0;0;1
1;1;0;1;0;0;1;1;0;0;1;0;0;1;0;1;0;0;0;0;1;0;1;0;0;1;0;0;0;0;1;1;0;0;1;1;0;0;0
1;1;0;1;0;0;1;0;0;1;1;1;0;0;0;1;0;0;1;0;0;0;1;0;1;0;0;0;0;0;1;0;0;1;1;1;0;0;0
1;1;0;1;0;0;1;1;0;0;1;0;0;0;1;1;1;0;0;0;0;0;1;0;1;0;0;0;0;0;1;1;0;0;1;0;1;0;0
1;1;0;1;0;0;1;0;1;0;1;0;0;0;1;1;1;0;0;0;0;0;1;0;1;0;0;0;0;0;1;0;1;0;1;0;1;0;0
1;1;0;1;0;0;1;0;0;1;1;1;0;0;0;1;0;0;0;1;0;0;1;0;1;0;0;0;0;0;1;1;0;0;1;0;0;1;0
1;1;0;1;0;0;1;0;1;0;1;0;0;1;0;1;0;0;1;0;0;0;1;0;0;0;0;0;1;0;1;1;0;0;1;0;0;1;0
1;1;0;1;0;0;1;0;1;0;1;0;0;1;0;1;0;1;0;0;0;0;1;0;0;0;0;0;0;1;1;1;0;0;1;0;0;1;0
1;1;0;1;0;0;1;0;1;0;1;0;0;1;0;1;0;0;0;0;0;1;1;0;1;0;0;0;0;0;1;0;1;0;1;0;0;1;0
1;1;0;1;0;0;1;0;1;0;1;0;1;0;0;1;0;1;0;0;0;0;1;0;0;0;0;0;0;1;1;0;1;0;1;0;0;1;0
1;1;0;1;0;0;1;0;1;0;1;0;0;1;0;1;1;0;0;0;0;0;1;1;0;0;0;0;0;0;1;0;0;1;1;0;0;1;0
1;1;0;1;0;0;1;1;0;0;1;0;0;1;0;1;0;0;1;0;0;0;1;0;0;1;0;0;0;0;1;0;0;1;1;0;0;1;0
1;1;0;1;0;0;1;1;0;0;1;0;0;0;1;1;0;0;0;0;0;1;1;0;0;0;1;0;0;0;1;0;1;0;1;0;0;0;1
1;1;0;1;0;0;1;1;0;0;1;1;0;0;0;1;0;0;0;0;0;1;1;1;0;0;0;0;0;0;1;0;0;1;1;0;0;0;1
1;1;0;1;0;0;1;0;0;1;1;1;0;0;0;1;0;0;0;1;0;0;1;0;1;0;0;0;0;0;1;0;0;1;1;0;0;0;1
1;1;1;1;0;0;1;0;0;1;1;1;0;0;0;1;0;0;0;1;0;0;1;1;0;0;0;0;0;0;1;0;1;0;1;1;0;0;0
1;1;1;1;0;0;1;1;0;0;1;0;0;1;0;1;0;0;0;0;1;0;1;1;0;0;0;0;0;0;1;0;1;0;1;1;0;0;0
1;1;1;1;0;0;1;0;0;1;1;0;0;1;0;1;0;0;0;1;0;0;1;0;1;0;0;0;0;0;1;0;1;0;1;1;0;0;0
1;1;1;1;0;0;1;0;0;1;1;0;0;1;0;1;0;1;0;0;0;0;1;1;0;0;0;0;0;0;1;0;0;1;1;1;0;0;0
1;1;1;1;0;0;1;0;1;0;1;1;0;0;0;1;0;0;0;0;1;0;1;0;0;0;0;0;0;1;1;0;0;1;1;1;0;0;0
1;1;1;1;0;0;1;1;0;0;1;0;1;0;0;1;1;0;0;0;0;0;1;0;1;0;0;0;0;0;1;1;0;0;1;0;1;0;0
1;1;1;1;0;0;1;0;1;0;1;0;0;1;0;1;1;0;0;0;0;0;1;1;0;0;0;0;0;0;1;0;1;0;1;0;1;0;0
1;1;1;1;0;0;1;0;1;0;1;0;0;1;0;1;0;1;0;0;0;0;1;0;1;0;0;0;0;0;1;0;1;0;1;0;1;0;0
1;1;1;1;0;0;1;0;0;1;1;0;0;1;0;1;0;0;0;0;0;1;1;1;0;0;0;0;0;0;1;0;0;1;1;0;1;0;0
1;1;1;1;0;0;1;0;1;0;1;0;0;1;0;1;0;0;1;0;0;0;1;0;0;0;0;1;0;0;1;0;0;1;1;0;1;0;0
1;1;1;1;0;0;1;0;0;1;1;1;0;0;0;1;0;1;0;0;0;0;1;1;0;0;0;0;0;0;1;1;0;0;1;0;0;1;0
1;1;1;1;0;0;1;1;0;0;1;0;0;1;0;1;1;0;0;0;0;0;1;0;0;0;1;0;0;0;1;0;1;0;1;0;0;1;0
1;1;1;1;0;0;1;0;0;1;1;0;0;0;1;1;1;0;0;0;0;0;1;0;0;0;0;1;0;0;1;0;1;0;1;0;0;1;0
1;1;1;1;0;0;1;1;0;0;1;0;0;0;1;1;0;0;0;1;0;0;1;0;0;0;0;1;0;0;1;0;0;1;1;0;0;1;0
1;1;1;1;0;0;1;0;1;0;1;0;0;0;1;1;0;1;0;0;0;0;1;0;0;1;0;0;0;0;1;0;1;0;1;0;0;0;1
1;1;1;1;0;0;1;0;1;0;1;0;0;0;1;1;0;1;0;0;0;0;1;0;0;0;1;0;0;0;1;0;1;0;1;0;0;0;1
1;1;1;1;0;0;1;0;1;0;1;1;0;0;0;1;0;1;0;0;0;0;1;0;1;0;0;0;0;0;1;0;0;1;1;0;0;0;1
1;1;1;1;0;0;1;0;1;0;1;0;0;1;0;1;0;0;0;0;0;1;1;0;0;1;0;0;0;0;1;0;0;1;1;0;0;0;1
1;1;0;1;1;0;1;0;0;1;1;1;0;0;0;1;0;0;1;0;0;0;1;1;0;0;0;0;0;0;1;0;1;0;1;1;0;0;0
1;1;0;1;1;0;1;1;0;0;1;0;0;0;1;1;0;0;0;0;0;1;1;1;0;0;0;0;0;0;1;0;1;0;1;1;0;0;0
1;1;0;1;1;0;1;1;0;0;1;0;1;0;0;1;1;0;0;0;0;0;1;0;0;1;0;0;0;0;1;1;0;0;1;0;1;0;0
1;1;0;1;1;0;1;1;0;0;1;0;0;1;0;1;0;0;0;0;0;1;1;0;0;1;0;0;0;0;1;1;0;0;1;0;1;0;0
1;1;0;1;1;0;1;0;1;0;1;0;0;1;0;1;0;1;0;0;0;0;1;0;0;0;1;0;0;0;1;1;0;0;1;0;1;0;0
1;1;0;1;1;0;1;0;0;1;1;1;0;0;0;1;0;0;1;0;0;0;1;0;0;0;0;1;0;0;1;1;0;0;1;0;1;0;0
1;1;0;1;1;0;1;1;0;0;1;0;1;0;0;1;0;0;0;0;1;0;1;0;0;0;0;0;1;0;1;1;0;0;1;0;1;0;0
1;1;0;1;1;0;1;0;1;0;1;0;1;0;0;1;0;0;0;0;1;0;1;0;0;0;0;0;1;0;1;1;0;0;1;0;1;0;0
1;1;0;1;1;0;1;0;1;0;1;1;0;0;0;1;1;0;0;0;0;0;1;1;0;0;0;0;0;0;1;0;1;0;1;0;1;0;0
1;1;0;1;1;0;1;0;1;0;1;0;0;0;1;1;0;0;0;0;1;0;1;0;0;0;0;0;1;0;1;1;0;0;1;0;0;1;0
1;1;0;1;1;0;1;0;0;1;1;1;0;0;0;1;0;0;0;1;0;0;1;0;0;0;0;0;0;1;1;1;0;0;1;0;0;1;0
1;1;0;1;1;0;1;1;0;0;1;0;0;1;0;1;0;0;0;1;0;0;1;0;0;0;0;1;0;0;1;0;0;1;1;0;0;1;0
1;1;0;1;1;0;1;1;0;0;1;1;0;0;0;1;0;0;1;0;0;0;1;1;0;0;0;0;0;0;1;0;1;0;1;0;0;0;1
1;1;0;1;1;0;1;1;0;0;1;0;0;0;1;1;0;0;0;0;0;1;1;0;1;0;0;0;0;0;1;0;1;0;1;0;0;0;1
1;1;0;1;1;0;1;0;0;1;1;1;0;0;0;1;0;0;0;0;0;1;1;0;0;0;0;1;0;0;1;0;0;1;1;0;0;0;1
1;1;1;1;1;0;1;0;0;1;1;1;0;0;0;1;1;0;0;0;0;0;1;0;0;0;1;0;0;0;1;1;0;0;1;1;0;0;0
1;1;1;1;1;0;1;0;1;0;1;0;0;0;1;1;0;0;1;0;0;0;1;0;0;1;0;0;0;0;1;0;1;0;1;1;0;0;0
1;1;1;1;1;0;1;1;0;0;1;0;0;0;1;1;0;0;1;0;0;0;1;0;0;0;0;1;0;0;1;0;1;0;1;1;0;0;0
1;1;1;1;1;0;1;0;1;0;1;0;0;0;1;1;0;1;0;0;0;0;1;0;0;1;0;0;0;0;1;0;0;1;1;1;0;0;0
1;1;1;1;1;0;1;0;0;1;1;0;0;0;1;1;0;0;0;1;0;0;1;0;0;0;0;1;0;0;1;0;0;1;1;1;0;0;0
1;1;1;1;1;0;1;0;0;1;1;1;0;0;0;1;0;0;0;0;0;1;1;0;0;0;0;1;0;0;1;0;0;1;1;1;0;0;0
1;1;1;1;1;0;1;0;1;0;1;1;0;0;0;1;0;0;0;0;1;0;1;0;0;0;1;0;0;0;1;1;0;0;1;0;1;0;0
1;1;1;1;1;0;1;0;1;0;1;0;0;0;1;1;0;0;1;0;0;0;1;0;0;0;0;0;0;1;1;0;1;0;1;0;1;0;0
1;1;1;1;1;0;1;0;1;0;1;0;0;0;1;1;1;0;0;0;0;0;1;0;0;0;0;0;0;1;1;0;0;1;1;0;1;0;0
1;1;1;1;1;0;1;0;1;0;1;1;0;0;0;1;0;0;0;1;0;0;1;0;0;0;0;1;0;0;1;0;1;0;1;0;0;1;0
1;1;1;1;1;0;1;1;0;0;1;1;0;0;0;1;0;0;0;1;0;0;1;0;1;0;0;0;0;0;1;0;0;1;1;0;0;1;0
1;1;1;1;1;0;1;0;1;0;1;1;0;0;0;1;0;0;0;0;0;1;1;0;0;0;1;0;0;0;1;1;0;0;1;0;0;0;1
1;1;1;1;1;0;1;1;0;0;1;0;0;0;1;1;0;0;0;1;0;0;1;0;0;0;1;0;0;0;1;0;1;0;1;0;0;0;1
1;1;1;1;1;0;1;1;0;0;1;0;0;0;1;1;0;0;0;0;1;0;1;0;0;1;0;0;0;0;1;0;0;1;1;0;0;0;1
1;1;1;1;1;0;1;0;1;0;1;0;0;1;0;1;0;0;1;0;0;0;1;0;0;0;0;0;1;0;1;0;0;1;1;0;0;0;1
1;0;0;0;0;1;1;0;0;1;1;0;0;0;1;1;0;1;0;0;0;0;1;0;0;0;0;0;1;0;1;0;1;0;1;1;0;0;0
1;0;0;0;0;1;1;0;1;0;1;1;0;0;0;1;0;0;0;1;0;0;1;0;0;0;0;0;1;0;1;0;0;1;1;1;0;0;0
1;0;0;0;0;1;1;0;1;0;1;1;0;0;0;1;0;1;0;0;0;0;1;0;0;0;1;0;0;0;1;0;1;0;1;0;1;0;0
1;0;0;0;0;1;1;1;0;0;1;0;1;0;0;1;0;0;0;0;0;1;1;0;1;0;0;0;0;0;1;0;0;1;1;0;1;0;0
1;0;0;0;0;1;1;0;1;0;1;1;0;0;0;1;0;0;0;1;0;0;1;0;1;0;0;0;0;0;1;0;1;0;1;0;0;1;0
1;0;0;0;0;1;1;0;0;1;1;0;1;0;0;1;0;0;0;1;0;0;1;0;0;0;0;1;0;0;1;0;1;0;1;0;0;0;1
1;0;0;0;0;1;1;1;0;0;1;0;0;0;1;1;0;0;1;0;0;0;1;0;1;0;0;0;0;0;1;0;0;1;1;0;0;0;1
1;0;0;0;1;1;1;1;0;0;1;0;0;1;0;1;1;0;0;0;0;0;1;0;0;0;1;0;0;0;1;1;0;0;1;1;0;0;0
1;0;0;0;1;1;1;0;1;0;1;0;0;0;1;1;0;0;1;0;0;0;1;0;1;0;0;0;0;0;1;0;1;0;1;1;0;0;0
1;0;0;0;1;1;1;1;0;0;1;1;0;0;0;1;0;1;0;0;0;0;1;0;0;0;0;1;0;0;1;0;1;0;1;1;0;0;0
1;0;0;0;1;1;1;0;0;1;1;0;1;0;0;1;0;0;0;1;0;0;1;0;0;0;1;0;0;0;1;0;0;1;1;1;0;0;0
1;0;0;0;1;1;1;1;0;0;1;0;1;0;0;1;0;0;0;1;0;0;1;0;0;0;0;0;1;0;1;0;0;1;1;1;0;0;0
1;0;0;0;1;1;1;0;1;0;1;1;0;0;0;1;0;0;0;1;0;0;1;0;0;1;0;0;0;0;1;1;0;0;1;0;1;0;0
1;0;0;0;1;1;1;1;0;0;1;0;0;0;1;1;0;0;0;0;0;1;1;0;0;0;1;0;0;0;1;1;0;0;1;0;1;0;0
1;0;0;0;1;1;1;0;1;0;1;0;0;1;0;1;0;0;1;0;0;0;1;0;0;0;0;0;0;1;1;1;0;0;1;0;1;0;0
1;0;0;0;1;1;1;0;0;1;1;0;0;1;0;1;1;0;0;0;0;0;1;0;0;0;0;0;1;0;1;0;1;0;1;0;1;0;0
1;0;0;0;1;1;1;0;1;0;1;1;0;0;0;1;1;0;0;0;0;0;1;0;0;0;0;1;0;0;1;0;0;1;1;0;1;0;0
1;0;0;0;1;1;1;0;1;0;1;0;0;0;1;1;0;1;0;0;0;0;1;0;1;0;0;0;0;0;1;1;0;0;1;0;0;1;0
1;0;0;0;1;1;1;0;1;0;1;1;0;0;0;1;0;0;0;0;0;1;1;0;0;0;1;0;0;0;1;1;0;0;1;0;0;1;0
1;0;0;0;1;1;1;0;1;0;1;0;0;0;1;1;1;0;0;0;0;0;1;0;0;0;1;0;0;0;1;0;1;0;1;0;0;1;0
1;0;0;0;1;1;1;0;0;1;1;0;1;0;0;1;0;0;0;1;0;0;1;0;0;0;1;0;0;0;1;0;1;0;1;0;0;1;0
1;0;0;0;1;1;1;0;1;0;1;1;0;0;0;1;0;1;0;0;0;0;1;1;0;0;0;0;0;0;1;0;0;1;1;0;0;1;0
1;0;0;0;1;1;1;0;1;0;1;0;0;0;1;1;0;0;1;0;0;0;1;0;0;1;0;0;0;0;1;0;0;1;1;0;0;1;0
1;0;0;0;1;1;1;1;0;0;1;1;0;0;0;1;0;0;0;1;0;0;1;0;1;0;0;0;0;0;1;1;0;0;1;0;0;0;1
1;0;0;0;1;1;1;0;1;0;1;0;0;1;0;1;0;0;1;0;0;0;1;0;0;1;0;0;0;0;1;1;0;0;1;0;0;0;1
1;0;0;0;1;1;1;1;0;0;1;1;0;0;0;1;0;1;0;0;0;0;1;1;0;0;0;0;0;0;1;0;1;0;1;0;0;0;1
1;0;0;0;1;1;1;1;0;0;1;0;0;1;0;1;1;0;0;0;0;0;1;0;1;0;0;0;0;0;1;0;1;0;1;0;0;0;1
1;0;0;0;1;1;1;1;0;0;1;0;0;1;0;1;0;1;0;0;0;0;1;0;0;0;0;1;0;0;1;0;1;0;1;0;0;0;1
1;0;0;0;1;1;1;0;0;1;1;0;0;0;1;1;0;0;1;0;0;0;1;0;0;1;0;0;0;0;1;0;0;1;1;0;0;0;1
1;0;0;0;1;1;1;0;0;1;1;0;0;0;1;1;0;0;0;1;0;0;1;0;0;0;1;0;0;0;1;0;0;1;1;0;0;0;1
1;0;0;0;1;1;1;1;0;0;1;0;1;0;0;1;0;0;1;0;0;0;1;0;0;0;0;1;0;0;1;0;0;1;1;0;0;0;1
1;0;0;0;1;1;1;0;1;0;1;0;0;0;1;1;0;0;1;0;0;0;1;0;0;0;0;1;0;0;1;0;0;1;1;0;0;0;1
1;0;0;1;0;1;1;0;0;1;1;0;0;0;1;1;1;0;0;0;0;0;1;0;0;1;0;0;0;0;1;1;0;0;1;1;0;0;0
1;0;0;1;0;1;1;0;0;1;1;0;1;0;0;1;0;0;1;0;0;0;1;1;0;0;0;0;0;0;1;0;1;0;1;1;0;0;0
1;0;0;1;0;1;1;0;1;0;1;1;0;0;0;1;0;0;0;1;0;0;1;0;0;1;0;0;0;0;1;0;0;1;1;1;0;0;0
1;0;0;1;0;1;1;1;0;0;1;0;0;0;1;1;0;0;1;0;0;0;1;0;0;1;0;0;0;0;1;1;0;0;1;0;1;0;0
1;0;0;1;0;1;1;0;1;0;1;0;1;0;0;1;0;1;0;0;0;0;1;0;0;0;0;1;0;0;1;1;0;0;1;0;1;0;0
1;0;0;1;0;1;1;0;1;0;1;1;0;0;0;1;0;0;0;0;1;0;1;0;0;0;0;0;0;1;1;0;0;1;1;0;1;0;0
1;0;0;1;0;1;1;0;0;1;1;0;0;0;1;1;0;0;0;1;0;0;1;0;0;1;0;0;0;0;1;0;0;1;1;0;0;1;0
1;0;0;1;0;1;1;1;0;0;1;0;0;1;0;1;0;0;0;0;1;0;1;0;0;0;0;0;1;0;1;1;0;0;1;0;0;0;1
1;0;0;1;0;1;1;1;0;0;1;0;0;0;1;1;1;0;0;0;0;0;1;0;1;0;0;0;0;0;1;0;1;0;1;0;0;0;1
1;0;0;1;0;1;1;1;0;0;1;0;0;0;1;1;0;1;0;0;0;0;1;0;1;0;0;0;0;0;1;0;1;0;1;0;0;0;1
1;0;0;1;0;1;1;1;0;0;1;0;0;0;1;1;0;0;0;0;0;1;1;0;0;0;0;0;1;0;1;0;1;0;1;0;0;0;1
1;0;0;1;0;1;1;1;0;0;1;0;0;1;0;1;0;0;0;0;0;1;1;0;0;0;0;0;0;1;1;0;1;0;1;0;0;0;1
1;0;0;1;0;1;1;0;0;1;1;0;1;0;0;1;0;0;0;0;0;1;1;0;0;0;0;1;0;0;1;0;0;1;1;0;0;0;1
1;0;0;1;1;1;1;0;0;1;1;1;0;0;0;1;0;0;0;1;0;0;1;0;0;0;1;0;0;0;1;1;0;0;1;1;0;0;0
1;0;0;1;1;1;1;0;1;0;1;1;0;0;0;1;1;0;0;0;0;0;1;0;1;0;0;0;0;0;1;0;1;0;1;1;0;0;0
1;0;0;1;1;1;1;1;0;0;1;0;0;1;0;1;0;1;0;0;0;0;1;0;1;0;0;0;0;0;1;0;1;0;1;1;0;0;0
1;0;0;1;1;1;1;0;1;0;1;1;0;0;0;1;1;0;0;0;0;0;1;0;0;1;0;0;0;0;1;0;0;1;1;1;0;0;0
1;0;0;1;1;1;1;1;0;0;1;1;0;0;0;1;0;0;0;0;0;1;1;1;0;0;0;0;0;0;1;0;0;1;1;0;1;0;0
1;0;0;1;1;1;1;0;0;1;1;0;0;1;0;1;0;0;0;1;0;0;1;0;1;0;0;0;0;0;1;0;0;1;1;0;1;0;0
1;0;0;1;1;1;1;1;0;0;1;0;0;0;1;1;0;0;1;0;0;0;1;0;0;0;1;0;0;0;1;0;0;1;1;0;1;0;0
1;0;0;1;1;1;1;0;1;0;1;1;0;0;0;1;0;0;1;0;0;0;1;0;0;0;1;0;0;0;1;0;1;0;1;0;0;1;0
1;0;0;1;1;1;1;1;0;0;1;1;0;0;0;1;0;0;0;0;1;0;1;0;0;0;0;0;1;0;1;0;0;1;1;0;0;1;0
1;0;0;1;1;1;1;1;0;0;1;1;0;0;0;1;0;0;0;0;1;0;1;0;0;0;0;1;0;0;1;1;0;0;1;0;0;0;1
1;0;0;1;1;1;1;0;0;1;1;0;0;1;0;1;0;0;0;1;0;0;1;0;0;1;0;0;0;0;1;0;1;0;1;0;0;0;1
1;0;0;1;1;1;1;0;0;1;1;0;1;0;0;1;0;0;0;1;0;0;1;1;0;0;0;0;0;0;1;0;0;1;1;0;0;0;1
1;0;0;1;1;1;1;1;0;0;1;0;1;0;0;1;0;0;0;0;0;1;1;0;1;0;0;0;0;0;1;0;0;1;1;0;0;0;1
1;0;0;1;1;1;1;1;0;0;1;0;1;0;0;1;0;0;0;0;0;1;1;0;0;0;0;1;0;0;1;0;0;1;1;0;0;0;1
1;0;0;1;1;1;1;0;1;0;1;0;1;0;0;1;0;0;0;1;0;0;1;0;0;0;0;0;1;0;1;0;0;1;1;0;0;0;1
1;1;0;0;0;1;1;0;1;0;1;0;0;0;1;1;0;0;1;0;0;0;1;1;0;0;0;0;0;0;1;1;0;0;1;1;0;0;0
1;1;0;0;0;1;1;0;1;0;1;0;1;0;0;1;0;0;0;0;0;1;1;1;0;0;0;0;0;0;1;1;0;0;1;1;0;0;0
1;1;0;0;0;1;1;1;0;0;1;0;0;1;0;1;0;0;0;0;0;1;1;1;0;0;0;0;0;0;1;0;1;0;1;1;0;0;0
1;1;0;0;0;1;1;0;0;1;1;0;1;0;0;1;0;0;0;0;0;1;1;0;0;0;0;0;0;1;1;0;0;1;1;1;0;0;0
1;1;0;0;0;1;1;1;0;0;1;1;0;0;0;1;1;0;0;0;0;0;1;1;0;0;0;0;0;0;1;1;0;0;1;0;1;0;0
1;1;0;0;0;1;1;0;1;0;1;0;0;0;1;1;1;0;0;0;0;0;1;0;0;0;1;0;0;0;1;1;0;0;1;0;1;0;0
1;1;0;0;0;1;1;0;1;0;1;0;0;1;0;1;0;0;0;0;0;1;1;0;0;0;0;0;0;1;1;0;1;0;1;0;1;0;0
1;1;0;0;0;1;1;0;0;1;1;1;0;0;0;1;0;0;0;0;1;0;1;0;0;0;0;0;0;1;1;1;0;0;1;0;0;1;0
1;1;0;0;0;1;1;0;0;1;1;0;0;0;1;1;1;0;0;0;0;0;1;1;0;0;0;0;0;0;1;1;0;0;1;0;0;0;1
1;1;0;0;0;1;1;0;1;0;1;0;0;0;1;1;0;1;0;0;0;0;1;0;0;0;0;0;0;1;1;1;0;0;1;0;0;0;1
1;1;0;0;0;1;1;0;0;1;1;0;0;0;1;1;0;1;0;0;0;0;1;0;0;1;0;0;0;0;1;0;1;0;1;0;0;0;1
1;1;0;0;0;1;1;0;1;0;1;0;1;0;0;1;1;0;0;0;0;0;1;0;0;0;1;0;0;0;1;0;1;0;1;0;0;0;1
1;1;0;0;0;1;1;0;1;0;1;0;0;1;0;1;0;0;1;0;0;0;1;0;0;0;0;0;0;1;1;0;1;0;1;0;0;0;1
1;1;0;1;0;1;1;0;0;1;1;0;0;0;1;1;0;0;1;0;0;0;1;0;0;1;0;0;0;0;1;1;0;0;1;1;0;0;0
1;1;0;1;0;1;1;1;0;0;1;1;0;0;0;1;0;0;1;0;0;0;1;0;0;0;0;1;0;0;1;1;0;0;1;1;0;0;0
1;1;0;1;0;1;1;1;0;0;1;0;0;0;1;1;0;0;0;0;1;0;1;0;0;0;0;0;0;1;1;1;0;0;1;1;0;0;0
1;1;0;1;0;1;1;0;0;1;1;1;0;0;0;1;1;0;0;0;0;0;1;0;0;0;0;0;0;1;1;0;1;0;1;1;0;0;0
1;1;0;1;0;1;1;0;0;1;1;1;0;0;0;1;0;1;0;0;0;0;1;0;0;0;0;0;0;1;1;0;1;0;1;1;0;0;0
1;1;0;1;0;1;1;0;1;0;1;0;1;0;0;1;0;1;0;0;0;0;1;0;1;0;0;0;0;0;1;0;0;1;1;1;0;0;0
1;1;0;1;0;1;1;1;0;0;1;0;1;0;0;1;0;0;0;0;1;0;1;0;0;0;0;1;0;0;1;0;1;0;1;0;1;0;0
1;1;0;1;0;1;1;1;0;0;1;0;0;0;1;1;0;0;0;0;1;0;1;0;0;0;0;1;0;0;1;0;1;0;1;0;1;0;0
1;1;0;1;0;1;1;0;0;1;1;0;0;0;1;1;1;0;0;0;0;0;1;0;0;0;0;0;1;0;1;0;1;0;1;0;1;0;0
1;1;0;1;0;1;1;1;0;0;1;1;0;0;0;1;0;0;0;0;1;0;1;0;0;1;0;0;0;0;1;0;0;1;1;0;1;0;0
1;1;0;1;0;1;1;0;0;1;1;0;1;0;0;1;0;1;0;0;0;0;1;0;0;0;0;1;0;0;1;0;0;1;1;0;0;1;0
1;1;0;1;0;1;1;0;1;0;1;1;0;0;0;1;0;0;0;1;0;0;1;1;0;0;0;0;0;0;1;1;0;0;1;0;0;0;1
1;1;0;1;0;1;1;0;1;0;1;0;0;0;1;1;1;0;0;0;0;0;1;0;1;0;0;0;0;0;1;1;0;0;1;0;0;0;1
1;1;0;1;0;1;1;0;1;0;1;1;0;0;0;1;0;1;0;0;0;0;1;0;0;1;0;0;0;0;1;0;1;0;1;0;0;0;1
1;1;0;1;0;1;1;0;1;0;1;1;0;0;0;1;0;1;0;0;0;0;1;0;0;0;0;1;0;0;1;0;0;1;1;0;0;0;1
1;1;0;0;1;1;1;0;0;1;1;0;0;0;1;1;0;0;0;0;1;0;1;1;0;0;0;0;0;0;1;0;1;0;1;1;0;0;0
1;1;0;0;1;1;1;0;0;1;1;0;0;1;0;1;0;0;0;0;1;0;1;0;1;0;0;0;0;0;1;0;1;0;1;1;0;0;0
1;1;0;0;1;1;1;0;1;0;1;1;0;0;0;1;0;0;0;1;0;0;1;0;1;0;0;0;0;0;1;1;0;0;1;0;1;0;0
1;1;0;0;1;1;1;1;0;0;1;1;0;0;0;1;0;1;0;0;0;0;1;0;0;1;0;0;0;0;1;1;0;0;1;0;1;0;0
1;1;0;0;1;1;1;0;0;1;1;0;1;0;0;1;0;1;0;0;0;0;1;0;0;0;1;0;0;0;1;1;0;0;1;0;0;1;0
1;1;0;0;1;1;1;0;1;0;1;0;0;0;1;1;0;0;1;0;0;0;1;0;1;0;0;0;0;0;1;0;1;0;1;0;0;1;0
1;1;0;0;1;1;1;0;0;1;1;0;0;1;0;1;1;0;0;0;0;0;1;0;0;1;0;0;0;0;1;0;1;0;1;0;0;1;0
1;1;0;0;1;1;1;1;0;0;1;0;1;0;0;1;0;1;0;0;0;0;1;0;0;0;0;0;0;1;1;0;0;1;1;0;0;1;0
1;1;0;0;1;1;1;0;1;0;1;0;0;0;1;1;1;0;0;0;0;0;1;1;0;0;0;0;0;0;1;0;1;0;1;0;0;0;1
1;1;0;0;1;1;1;0;1;0;1;1;0;0;0;1;0;1;0;0;0;0;1;0;1;0;0;0;0;0;1;0;1;0;1;0;0;0;1
1;1;0;0;1;1;1;0;0;1;1;1;0;0;0;1;0;0;0;0;0;1;1;0;0;0;0;0;1;0;1;0;1;0;1;0;0;0;1
1;1;0;0;1;1;1;1;0;0;1;0;1;0;0;1;0;0;0;0;0;1;1;0;1;0;0;0;0;0;1;0;0;1;1;0;0;0;1
1;1;0;1;1;1;1;1;0;0;1;0;0;1;0;1;0;0;1;0;0;0;1;0;1;0;0;0;0;0;1;0;1;0;1;1;0;0;0
1;1;0;1;1;1;1;0;0;1;1;0;0;0;1;1;0;0;0;1;0;0;1;0;1;0;0;0;0;0;1;0;1;0;1;1;0;0;0
1;1;0;1;1;1;1;1;0;0;1;0;0;0;1;1;0;0;0;1;0;0;1;0;0;0;0;1;0;0;1;0;0;1;1;1;0;0;0
1;1;0;1;1;1;1;0;0;1;1;1;0;0;0;1;0;0;1;0;0;0;1;0;0;0;0;0;0;1;1;0;0;1;1;1;0;0;0
1;1;0;1;1;1;1;1;0;0;1;0;0;0;1;1;1;0;0;0;0;0;1;1;0;0;0;0;0;0;1;1;0;0;1;0;1;0;0
1;1;0;1;1;1;1;0;1;0;1;1;0;0;0;1;0;0;0;0;1;0;1;0;0;0;1;0;0;0;1;0;1;0;1;0;1;0;0
1;1;0;1;1;1;1;0;0;1;1;0;0;0;1;1;0;0;1;0;0;0;1;0;0;0;0;0;0;1;1;0;1;0;1;0;1;0;0
1;1;0;1;1;1;1;0;0;1;1;1;0;0;0;1;0;0;0;0;1;0;1;0;0;1;0;0;0;0;1;0;0;1;1;0;1;0;0
1;1;0;1;1;1;1;0;1;0;1;0;0;0;1;1;0;0;0;1;0;0;1;0;0;0;0;1;0;0;1;0;0;1;1;0;1;0;0
1;1;0;1;1;1;1;0;0;1;1;0;0;1;0;1;0;0;1;0;0;0;1;1;0;0;0;0;0;0;1;0;1;0;1;0;0;1;0
1;1;0;1;1;1;1;1;0;0;1;0;1;0;0;1;1;0;0;0;0;0;1;0;0;0;0;0;1;0;1;0;0;1;1;0;0;1;0
1;1;0;1;1;1;1;0;0;1;1;0;0;1;0;1;0;1;0;0;0;0;1;0;0;0;0;0;1;0;1;0;0;1;1;0;0;1;0
1;1;0;1;1;1;1;0;1;0;1;0;0;1;0;1;0;0;0;1;0;0;1;0;0;0;0;0;1;0;1;1;0;0;1;0;0;0;1
1;1;0;1;1;1;1;0;0;1;1;1;0;0;0;1;0;0;0;0;1;0;1;0;0;0;0;0;0;1;1;0;1;0;1;0;0;0;1
1;1;0;1;1;1;1;0;0;1;1;0;0;0;1;1;0;0;0;1;0;0;1;0;0;0;0;0;1;0;1;0;0;1;1;0;0;0;1
1;0;1;0;0;1;1;0;1;0;1;0;0;0;1;1;0;0;0;1;0;0;1;0;0;0;1;0;0;0;1;1;0;0;1;1;0;0;0
1;0;1;0;0;1;1;1;0;0;1;0;0;1;0;1;0;1;0;0;0;0;1;1;0;0;0;0;0;0;1;0;1;0;1;1;0;0;0
1;0;1;0;0;1;1;0;1;0;1;1;0;0;0;1;0;0;1;0;0;0;1;1;0;0;0;0;0;0;1;0;1;0;1;1;0;0;0
1;0;1;0;0;1;1;0;0;1;1;1;0;0;0;1;1;0;0;0;0;0;1;0;1;0;0;0;0;0;1;0;0;1;1;1;0;0;0
1;0;1;0;0;1;1;1;0;0;1;1;0;0;0;1;0;0;0;0;0;1;1;0;0;0;0;1;0;0;1;1;0;0;1;0;1;0;0
1;0;1;0;0;1;1;1;0;0;1;0;1;0;0;1;0;1;0;0;0;0;1;0;0;0;1;0;0;0;1;0;1;0;1;0;1;0;0
1;0;1;0;0;1;1;0;0;1;1;0;1;0;0;1;0;0;1;0;0;0;1;0;0;0;0;0;1;0;1;0;0;1;1;0;1;0;0
1;0;1;0;0;1;1;1;0;0;1;0;1;0;0;1;0;0;0;0;1;0;1;0;0;0;0;1;0;0;1;1;0;0;1;0;0;1;0
1;0;1;0;0;1;1;0;1;0;1;0;1;0;0;1;1;0;0;0;0;0;1;0;0;0;0;0;0;1;1;1;0;0;1;0;0;1;0
1;0;1;0;0;1;1;1;0;0;1;0;0;0;1;1;0;0;0;1;0;0;1;0;0;1;0;0;0;0;1;0;1;0;1;0;0;1;0
1;0;1;0;0;1;1;0;1;0;1;1;0;0;0;1;0;0;0;0;0;1;1;0;0;0;0;0;0;1;1;0;1;0;1;0;0;1;0
1;0;1;0;0;1;1;0;1;0;1;1;0;0;0;1;0;0;0;0;1;0;1;0;1;0;0;0;0;0;1;0;0;1;1;0;0;1;0
1;0;1;0;0;1;1;0;0;1;1;0;0;0;1;1;0;0;0;0;1;0;1;0;0;0;0;0;0;1;1;0;0;1;1;0;0;0;1
1;0;1;0;1;1;1;0;1;0;1;0;0;1;0;1;1;0;0;0;0;0;1;0;0;0;0;1;0;0;1;0;0;1;1;1;0;0;0
1;0;1;0;1;1;1;0;1;0;1;0;0;0;1;1;0;0;1;0;0;0;1;0;0;0;0;1;0;0;1;1;0;0;1;0;1;0;0
1;0;1;0;1;1;1;0;1;0;1;0;1;0;0;1;0;0;0;1;0;0;1;0;0;0;0;1;0;0;1;1;0;0;1;0;1;0;0
1;0;1;0;1;1;1;0;0;1;1;1;0;0;0;1;0;1;0;0;0;0;1;1;0;0;0;0;0;0;1;0;1;0;1;0;1;0;0
1;0;1;0;1;1;1;0;1;0;1;1;0;0;0;1;1;0;0;0;0;0;1;0;1;0;0;0;0;0;1;0;1;0;1;0;1;0;0
1;0;1;0;1;1;1;0;0;1;1;0;0;0;1;1;0;0;0;0;1;0;1;0;0;0;0;1;0;0;1;0;1;0;1;0;1;0;0
1;0;1;0;1;1;1;1;0;0;1;0;1;0;0;1;0;0;0;0;0;1;1;0;0;1;0;0;0;0;1;0;0;1;1;0;1;0;0
1;0;1;0;1;1;1;1;0;0;1;0;0;0;1;1;0;0;1;0;0;0;1;0;0;0;0;0;0;1;1;0;0;1;1;0;1;0;0
1;0;1;0;1;1;1;1;0;0;1;0;0;0;1;1;0;0;0;1;0;0;1;0;1;0;0;0;0;0;1;0;1;0;1;0;0;1;0
1;0;1;0;1;1;1;0;1;0;1;0;0;0;1;1;0;1;0;0;0;0;1;0;0;0;0;0;1;0;1;0;1;0;1;0;0;1;0
1;0;1;0;1;1;1;0;1;0;1;0;0;1;0;1;0;0;0;0;0;1;1;1;0;0;0;0;0;0;1;0;0;1;1;0;0;1;0
1;0;1;0;1;1;1;0;1;0;1;1;0;0;0;1;0;0;0;0;1;0;1;0;0;1;0;0;0;0;1;1;0;0;1;0;0;0;1
1;0;1;0;1;1;1;0;1;0;1;0;1;0;0;1;0;0;0;0;0;1;1;0;0;0;0;0;1;0;1;1;0;0;1;0;0;0;1
1;0;1;0;1;1;1;0;0;1;1;1;0;0;0;1;0;0;1;0;0;0;1;0;0;0;1;0;0;0;1;0;1;0;1;0;0;0;1
1;0;1;0;1;1;1;0;0;1;1;0;0;1;0;1;0;0;0;1;0;0;1;0;0;0;0;0;1;0;1;0;1;0;1;0;0;0;1
1;0;1;0;1;1;1;0;1;0;1;0;1;0;0;1;0;0;1;0;0;0;1;0;0;1;0;0;0;0;1;0;0;1;1;0;0;0;1
1;0;1;0;1;1;1;0;1;0;1;0;0;0;1;1;0;0;0;1;0;0;1;0;0;1;0;0;0;0;1;0;0;1;1;0;0;0;1
1;1;1;0;0;1;1;1;0;0;1;0;1;0;0;1;0;0;0;1;0;0;1;1;0;0;0;0;0;0;1;1;0;0;1;1;0;0;0
1;1;1;0;0;1;1;0;1;0;1;0;0;0;1;1;0;1;0;0;0;0;1;0;0;0;1;0;0;0;1;1;0;0;1;1;0;0;0
1;1;1;0;0;1;1;1;0;0;1;1;0;0;0;1;1;0;0;0;0;0;1;1;0;0;0;0;0;0;1;0;1;0;1;1;0;0;0
1;1;1;0;0;1;1;0;1;0;1;1;0;0;0;1;0;0;1;0;0;0;1;0;1;0;0;0;0;0;1;0;1;0;1;1;0;0;0
1;1;1;0;0;1;1;0;1;0;1;0;1;0;0;1;0;0;0;1;0;0;1;1;0;0;0;0;0;0;1;0;1;0;1;0;1;0;0
1;1;1;0;0;1;1;1;0;0;1;0;0;1;0;1;0;0;0;0;0;1;1;0;0;0;0;0;1;0;1;1;0;0;1;0;0;1;0
1;1;1;0;0;1;1;1;0;0;1;0;1;0;0;1;0;1;0;0;0;0;1;1;0;0;0;0;0;0;1;0;1;0;1;0;0;1;0
1;1;1;0;0;1;1;0;1;0;1;1;0;0;0;1;0;0;0;1;0;0;1;0;0;1;0;0;0;0;1;0;1;0;1;0;0;1;0
1;1;1;0;0;1;1;0;0;1;1;0;0;0;1;1;0;0;0;1;0;0;1;0;0;1;0;0;0;0;1;0;1;0;1;0;0;1;0
1;1;1;0;0;1;1;1;0;0;1;0;0;1;0;1;0;0;1;0;0;0;1;0;0;0;0;0;1;0;1;0;0;1;1;0;0;1;0
1;1;1;0;0;1;1;0;0;1;1;0;1;0;0;1;1;0;0;0;0;0;1;0;0;0;1;0;0;0;1;1;0;0;1;0;0;0;1
1;1;1;0;0;1;1;0;0;1;1;0;0;1;0;1;0;0;1;0;0;0;1;1;0;0;0;0;0;0;1;0;0;1;1;0;0;0;1
1;1;1;0;0;1;1;0;0;1;1;0;0;1;0;1;0;0;0;0;1;0;1;0;0;0;0;0;0;1;1;0;0;1;1;0;0;0;1
1;1;1;0;1;1;1;0;0;1;1;1;0;0;0;1;0;0;0;0;1;0;1;1;0;0;0;0;0;0;1;1;0;0;1;1;0;0;0
1;1;1;0;1;1;1;0;0;1;1;0;1;0;0;1;0;0;0;0;1;0;1;0;1;0;0;0;0;0;1;1;0;0;1;1;0;0;0
1;1;1;0;1;1;1;0;1;0;1;0;1;0;0;1;1;0;0;0;0;0;1;0;0;1;0;0;0;0;1;1;0;0;1;1;0;0;0
1;1;1;0;1;1;1;0;1;0;1;1;0;0;0;1;0;0;0;1;0;0;1;0;0;0;0;1;0;0;1;1;0;0;1;1;0;0;0
1;1;1;0;1;1;1;0;1;0;1;1;0;0;0;1;0;0;1;0;0;0;1;0;0;0;0;0;1;0;1;1;0;0;1;1;0;0;0
1;1;1;0;1;1;1;1;0;0;1;1;0;0;0;1;0;0;0;0;0;1;1;0;0;1;0;0;0;0;1;0;0;1;1;1;0;0;0
1;1;1;0;1;1;1;0;0;1;1;0;0;1;0;1;0;0;1;0;0;0;1;0;0;0;0;1;0;0;1;0;0;1;1;1;0;0;0
1;1;1;0;1;1;1;1;0;0;1;1;0;0;0;1;0;0;0;0;1;0;1;1;0;0;0;0;0;0;1;1;0;0;1;0;1;0;0
1;1;1;0;1;1;1;0;1;0;1;0;0;1;0;1;0;0;0;0;1;0;1;0;0;0;0;0;1;0;1;0;0;1;1;0;1;0;0
1;1;1;0;1;1;1;0;0;1;1;0;1;0;0;1;0;1;0;0;0;0;1;1;0;0;0;0;0;0;1;1;0;0;1;0;0;1;0
1;1;1;0;1;1;1;1;0;0;1;0;0;1;0;1;0;0;0;0;0;1;1;0;0;0;0;0;0;1;1;1;0;0;1;0;0;1;0
1;1;1;0;1;1;1;0;0;1;1;1;0;0;0;1;1;0;0;0;0;0;1;0;0;0;0;0;0;1;1;0;1;0;1;0;0;1;0
1;1;1;0;1;1;1;1;0;0;1;1;0;0;0;1;0;1;0;0;0;0;1;0;1;0;0;0;0;0;1;0;0;1;1;0;0;1;0
1;1;1;0;1;1;1;1;0;0;1;1;0;0;0;1;0;0;1;0;0;0;1;0;0;0;0;0;1;0;1;1;0;0;1;0;0;0;1
1;1;1;0;1;1;1;0;0;1;1;1;0;0;0;1;0;0;1;0;0;0;1;0;0;0;0;1;0;0;1;0;1;0;1;0;0;0;1
1;1;1;0;1;1;1;0;1;0;1;0;0;0;1;1;0;0;0;1;0;0;1;0;0;0;0;0;0;1;1;0;0;1;1;0;0;0;1
1;1;1;0;1;1;1;0;1;0;1;0;1;0;0;1;0;0;0;0;1;0;1;0;0;0;0;0;0;1;1;0;0;1;1;0;0;0;1
1;0;1;1;0;1;1;0;0;1;1;0;0;0;1;1;1;0;0;0;0;0;1;0;0;1;0;0;0;0;1;1;0;0;1;1;0;0;0
1;0;1;1;0;1;1;0;1;0;1;1;0;0;0;1;0;0;0;0;0;1;1;0;0;0;0;0;1;0;1;1;0;0;1;1;0;0;0
1;0;1;1;0;1;1;1;0;0;1;0;0;0;1;1;1;0;0;0;0;0;1;0;0;0;0;0;1;0;1;0;1;0;1;1;0;0;0
1;0;1;1;0;1;1;0;0;1;1;0;0;0;1;1;0;0;1;0;0;0;1;0;0;1;0;0;0;0;1;0;0;1;1;1;0;0;0
1;0;1;1;0;1;1;0;0;1;1;0;1;0;0;1;0;0;0;1;0;0;1;0;0;1;0;0;0;0;1;0;0;1;1;1;0;0;0
1;0;1;1;0;1;1;1;0;0;1;0;0;1;0;1;0;0;0;0;0;1;1;0;0;1;0;0;0;0;1;0;0;1;1;1;0;0;0
1;0;1;1;0;1;1;1;0;0;1;0;0;1;0;1;1;0;0;0;0;0;1;0;0;0;1;0;0;0;1;0;0;1;1;1;0;0;0
1;0;1;1;0;1;1;1;0;0;1;1;0;0;0;1;0;0;0;1;0;0;1;0;0;1;0;0;0;0;1;1;0;0;1;0;1;0;0
1;0;1;1;0;1;1;0;1;0;1;1;0;0;0;1;0;0;0;1;0;0;1;1;0;0;0;0;0;0;1;0;1;0;1;0;1;0;0
1;0;1;1;0;1;1;0;1;0;1;0;0;0;1;1;0;0;1;0;0;0;1;0;0;1;0;0;0;0;1;0;1;0;1;0;1;0;0
1;0;1;1;0;1;1;1;0;0;1;0;1;0;0;1;1;0;0;0;0;0;1;1;0;0;0;0;0;0;1;0;0;1;1;0;1;0;0
1;0;1;1;0;1;1;1;0;0;1;0;0;0;1;1;0;0;1;0;0;0;1;0;0;0;1;0;0;0;1;0;1;0;1;0;0;1;0
1;0;1;1;0;1;1;1;0;0;1;0;0;1;0;1;0;0;0;0;0;1;1;0;0;0;0;1;0;0;1;0;1;0;1;0;0;1;0
1;0;1;1;0;1;1;1;0;0;1;0;1;0;0;1;0;0;0;0;1;0;1;0;0;0;0;0;1;0;1;0;1;0;1;0;0;1;0
1;0;1;1;0;1;1;0;0;1;1;0;0;0;1;1;0;0;1;0;0;0;1;0;0;0;0;0;0;1;1;0;1;0;1;0;0;1;0
1;0;1;1;0;1;1;0;0;1;1;0;0;0;1;1;0;0;0;0;1;0;1;1;0;0;0;0;0;0;1;0;0;1;1;0;0;1;0
1;0;1;1;0;1;1;0;0;1;1;1;0;0;0;1;1;0;0;0;0;0;1;0;0;1;0;0;0;0;1;0;0;1;1;0;0;1;0
1;0;1;1;0;1;1;0;1;0;1;0;0;0;1;1;0;0;0;0;1;0;1;0;0;0;0;1;0;0;1;0;1;0;1;0;0;0;1
1;1;1;1;0;1;1;1;0;0;1;0;0;0;1;1;0;0;0;0;0;1;1;1;0;0;0;0;0;0;1;1;0;0;1;1;0;0;0
1;1;1;1;0;1;1;0;0;1;1;1;0;0;0;1;0;0;1;0;0;0;1;0;0;0;0;0;1;0;1;0;1;0;1;1;0;0;0
1;1;1;1;0;1;1;1;0;0;1;0;1;0;0;1;1;0;0;0;0;0;1;0;0;1;0;0;0;0;1;0;0;1;1;1;0;0;0
1;1;1;1;0;1;1;1;0;0;1;0;1;0;0;1;1;0;0;0;0;0;1;0;0;0;0;0;0;1;1;0;0;1;1;1;0;0;0
1;1;1;1;0;1;1;0;0;1;1;0;1;0;0;1;0;0;0;0;0;1;1;0;0;1;0;0;0;0;1;0;1;0;1;0;1;0;0
1;1;1;1;0;1;1;1;0;0;1;1;0;0;0;1;0;1;0;0;0;0;1;0;0;0;0;0;0;1;1;1;0;0;1;0;0;0;1
1;1;1;1;0;1;1;1;0;0;1;1;0;0;0;1;0;0;1;0;0;0;1;1;0;0;0;0;0;0;1;0;1;0;1;0;0;0;1
1;1;1;1;0;1;1;0;1;0;1;0;0;0;1;1;0;0;0;0;0;1;1;0;0;0;0;0;1;0;1;0;1;0;1;0;0;0;1
1;1;1;1;0;1;1;0;0;1;1;0;0;0;1;1;1;0;0;0;0;0;1;0;0;0;0;0;0;1;1;0;0;1;1;0;0;0;1
1;0;1;1;1;1;1;1;0;0;1;0;0;0;1;1;1;0;0;0;0;0;1;0;0;0;0;0;0;1;1;0;0;1;1;1;0;0;0
1;0;1;1;1;1;1;0;0;1;1;0;1;0;0;1;0;0;0;0;0;1;1;0;0;0;0;0;0;1;1;0;0;1;1;1;0;0;0
1;0;1;1;1;1;1;0;1;0;1;0;0;0;1;1;0;0;0;0;1;0;1;0;1;0;0;0;0;0;1;0;1;0;1;0;1;0;0
1;0;1;1;1;1;1;1;0;0;1;0;0;0;1;1;0;0;0;1;0;0;1;0;0;0;0;0;0;1;1;0;0;1;1;0;1;0;0
1;0;1;1;1;1;1;0;0;1;1;0;1;0;0;1;0;1;0;0;0;0;1;0;0;0;0;0;0;1;1;1;0;0;1;0;0;1;0
1;0;1;1;1;1;1;0;0;1;1;0;0;0;1;1;0;0;0;1;0;0;1;0;0;0;1;0;0;0;1;0;1;0;1;0;0;1;0
1;0;1;1;1;1;1;0;1;0;1;0;1;0;0;1;0;0;0;1;0;0;1;0;1;0;0;0;0;0;1;1;0;0;1;0;0;0;1
1;0;1;1;1;1;1;1;0;0;1;0;0;1;0;1;0;0;0;0;0;1;1;0;1;0;0;0;0;0;1;1;0;0;1;0;0;0;1
1;0;1;1;1;1;1;0;1;0;1;1;0;0;0;1;0;0;0;0;0;1;1;0;0;0;1;0;0;0;1;1;0;0;1;0;0;0;1
1;0;1;1;1;1;1;0;0;1;1;0;0;1;0;1;0;0;0;0;0;1;1;0;0;0;1;0;0;0;1;0;1;0;1;0;0;0;1
1;0;1;1;1;1;1;0;0;1;1;0;0;0;1;1;0;0;0;0;0;1;1;0;0;0;1;0;0;0;1;0;1;0;1;0;0;0;1
1;0;1;1;1;1;1;0;1;0;1;0;1;0;0;1;0;0;0;0;1;0;1;0;0;0;1;0;0;0;1;0;0;1;1;0;0;0;1
1;1;1;1;1;1;1;1;0;0;1;0;0;1;0;1;1;0;0;0;0;0;1;1;0;0;0;0;0;0;1;0;1;0;1;1;0;0;0
1;1;1;1;1;1;1;1;0;0;1;0;1;0;0;1;0;0;0;0;1;0;1;0;0;1;0;0;0;0;1;0;1;0;1;1;0;0;0
1;1;1;1;1;1;1;1;0;0;1;1;0;0;0;1;0;0;0;0;0;1;1;0;0;1;0;0;0;0;1;1;0;0;1;0;1;0;0
1;1;1;1;1;1;1;0;1;0;1;0;1;0;0;1;0;0;0;0;1;0;1;0;0;0;0;0;0;1;1;1;0;0;1;0;1;0;0
1;1;1;1;1;1;1;1;0;0;1;0;0;1;0;1;0;0;0;0;1;0;1;0;1;0;0;0;0;0;1;0;1;0;1;0;1;0;0
1;1;1;1;1;1;1;0;0;1;1;0;0;0;1;1;0;0;0;0;0;1;1;0;0;1;0;0;0;0;1;0;1;0;1;0;1;0;0
1;1;1;1;1;1;1;0;0;1;1;0;1;0;0;1;0;0;0;1;0;0;1;0;1;0;0;0;0;0;1;0;0;1;1;0;1;0;0
1;1;1;1;1;1;1;1;0;0;1;0;0;0;1;1;0;0;1;0;0;0;1;0;0;0;1;0;0;0;1;0;0;1;1;0;1;0;0
1;1;1;1;1;1;1;1;0;0;1;0;0;0;1;1;0;0;0;1;0;0;1;0;0;0;0;0;1;0;1;0;0;1;1;0;1;0;0
1;1;1;1;1;1;1;0;0;1;1;0;1;0;0;1;0;0;0;0;1;0;1;1;0;0;0;0;0;0;1;0;1;0;1;0;0;1;0
1;1;1;1;1;1;1;0;0;1;1;0;0;1;0;1;0;0;0;1;0;0;1;0;0;0;0;1;0;0;1;0;1;0;1;0;0;1;0
1;1;1;1;1;1;1;0;0;1;1;0;1;0;0;1;0;0;0;1;0;0;1;1;0;0;0;0;0;0;1;0;0;1;1;0;0;1;0
1;1;1;1;1;1;1;0;0;1;1;0;0;0;1;1;0;0;1;0;0;0;1;0;0;1;0;0;0;0;1;0;0;1;1;0;0;0;1
1;1;1;1;1;1;1;0;1;0;1;1;0;0;0;1;0;0;0;1;0;0;1;0;0;0;0;1;0;0;1;0;0;1;1;0;0;0;1
